1000     
   1    4    5    5    4    1 
  4.00000000E+00  0.00000000E+00  0.00000000E+00  0.00000000E+00
 AO expansion exponents and coefficients:
    1    1    1    5    0
  1.73518940E-01  5.63269229E-02  2.36342091E-01  6.23427205E+00  1.64276600E+00
  5.88576080E-01  5.34035021E-01 -4.05234694E-02 -1.20272919E-02 -8.93186581E-02
    2    1    1    5    0
  1.35152571E+00  4.49632138E+00  1.65338096E+01  7.41261284E+01  4.96363293E+02
  4.08736690E-01  4.86525723E-01  2.03336835E-01  4.66745831E-02  6.20468434E-03
    3    1    2    3    1
  2.35429086E+06  1.86521984E-01  4.48420446E-02
  1.58839149E-07 -1.55450368E+01 -1.89728454E+00
    3    1    2    3    2
  2.35429086E+06  1.86521984E-01  4.48420446E-02
  1.58839149E-07 -1.55450368E+01 -1.89728454E+00
    3    1    2    3    3
  2.35429086E+06  1.86521984E-01  4.48420446E-02
  1.58839149E-07 -1.55450368E+01 -1.89728454E+00
 MO expansion coefficients:
             1               2               3               4               5
    1  9.07298335E-03  1.01589296E+00  0.00000000E+00  0.00000000E+00  0.00000000E+00
    2  9.98359538E-01 -1.88146383E-01  0.00000000E+00  0.00000000E+00  0.00000000E+00
    3  0.00000000E+00  0.00000000E+00  0.00000000E+00  1.00000000E+00  0.00000000E+00
    4  0.00000000E+00  0.00000000E+00  1.00000000E+00  0.00000000E+00  0.00000000E+00
    5  0.00000000E+00  0.00000000E+00  0.00000000E+00  0.00000000E+00  1.00000000E+00

